#ID DescID Mvir Vmax Vrms Rvir Rs Np X Y Z VX VY VZ JX JY JZ Spin rs_klypin Mvir_all M200b M200c M500c M2500c Xoff Voff spin_bullock b_to_a c_to_a A[x] A[y] A[z] b_to_a(500c) c_to_a(500c) A[x](500c) A[y](500c) A[z](500c) T/|U| M_pe_Behroozi M_pe_Diemer
#a = 0.120000
#Om = 0.295038; Ol = 0.704962; h = 0.688062
#FOF linking length: 0.280000
#Unbound Threshold: 0.500000; FOF Refinement Threshold: 0.700000
#Particle mass: 9.53299e+09 Msun/h
#Box size: 62.500000 Mpc/h
#Force resolution assumed: 0.008 Mpc/h
#Using Strict Spherical Overdensity Masses
#Units: Masses in Msun / h
#Units: Positions in Mpc / h (comoving)
#Units: Velocities in km / s (physical, peculiar)
#Units: Halo Distances, Lengths, and Radii in kpc / h (comoving)
#Units: Angular Momenta in (Msun/h) * (Mpc/h) * km/s (physical)
#Units: Spins are dimensionless
#Np is an internal debugging quantity.
#Rockstar Version: 0.99.9-RC3
0 4 2.8599e+10 116.10 21.74 77.658 25.501 28 15.16425 0.37393 30.40428 3.42 -10.20 2.19 1.206e+09 -4.690e+08 1.024e+09 0.01821 25.50148 2.8599e+10 1.9066e+10 1.9066e+10 9.5330e+09 0.0000e+00 21.49954 8.97 0.03809 0.00000 0.00000 0.00000 0.00000 0.00000 0.00000 0.00000 0.00000 0.00000 0.00000 0.1571 1.206e+11 3.813e+10
1 3 9.5330e+10 201.87 23.65 116.005 12.975 26 7.60373 25.20030 10.40433 -16.19 28.69 3.60 1.428e+09 1.052e+09 -1.505e+09 0.00815 12.97536 9.5330e+10 9.5330e+10 9.5330e+10 7.6264e+10 0.0000e+00 24.74050 0.00 0.00722 0.63284 0.15190 48.30978 5.48014 -12.52141 0.13865 0.10568 44.32423 2.40873 -33.19417 0.0161 1.341e+11 1.907e+10
2 2 1.0486e+11 186.74 22.49 119.750 25.349 24 24.81599 28.13535 11.34377 0.29 12.07 7.54 4.457e+09 -8.079e+08 -3.875e+09 0.01525 25.34881 1.0486e+11 1.0486e+11 1.0486e+11 0.0000e+00 0.0000e+00 42.93333 0.00 0.01579 0.79841 0.18238 23.48442 48.62559 2.78281 0.00000 0.00000 0.00000 0.00000 0.00000 0.0240 1.031e+11 7.626e+10
3 0 1.0486e+11 193.59 21.37 119.750 19.829 20 16.82443 26.24254 1.93073 -17.31 -8.28 -12.41 -1.489e+09 1.291e+09 -1.542e+09 0.00690 19.82886 1.0486e+11 1.0486e+11 1.0486e+11 3.8132e+10 0.0000e+00 7.66675 0.00 0.00663 0.08793 0.01324 23.24903 17.73924 26.31151 0.01603 0.00000 20.70831 17.47287 23.38431 0.0213 1.113e+11 5.720e+10
4 11 1.0486e+11 183.54 17.95 119.750 29.316 20 1.58559 31.14071 9.57365 0.20 6.74 12.64 3.436e+09 -2.002e+09 1.057e+09 0.01030 29.31586 1.0486e+11 1.0486e+11 1.0486e+11 9.5330e+09 9.5330e+09 20.16572 0.00 0.01090 0.42113 0.07075 11.31173 54.03719 13.81978 0.00000 0.00000 0.00000 0.00000 0.00000 0.0226 9.967e+10 1.049e+11
5 18 3.5272e+11 319.12 37.38 179.423 18.139 65 28.72966 25.78271 42.46017 -4.49 7.03 -4.01 3.182e+09 9.776e+09 2.253e+09 0.00491 18.13913 3.5272e+11 3.4319e+11 3.4319e+11 3.2412e+11 0.0000e+00 9.49457 0.00 0.00369 0.52013 0.11685 33.13201 51.78341 -18.72238 0.23465 0.15918 18.93598 43.03451 -32.26861 0.0119 3.975e+11 1.335e+11
6 21 2.4786e+11 241.85 32.04 159.515 43.544 34 17.85469 7.02922 48.36184 -3.55 8.97 7.26 -2.510e+09 -5.313e+09 3.872e+09 0.00506 43.54438 2.4786e+11 2.4786e+11 2.4786e+11 9.5330e+10 0.0000e+00 33.75693 0.00 0.00444 0.19996 0.05566 61.93510 -9.68413 33.76288 0.88485 0.35862 34.72594 -18.64383 9.51319 0.0209 2.097e+11 2.479e+11
7 23 1.3346e+11 194.52 22.25 129.774 40.934 29 4.30384 7.69226 53.90133 17.35 -14.23 -2.45 1.944e+09 1.246e+09 -2.673e+09 0.00623 40.93368 1.3346e+11 8.5797e+10 8.5797e+10 1.9066e+10 1.9066e+10 47.40109 0.00 0.00626 0.20302 0.09682 10.39367 44.21253 -4.98925 0.00000 0.00000 0.00000 0.00000 0.00000 0.0224 1.303e+11 1.430e+11
8 22 1.1440e+11 184.80 25.45 123.274 38.820 27 3.20725 10.97345 61.09645 -8.87 0.90 11.90 -9.999e+09 2.506e+09 1.556e+09 0.02294 38.81980 1.1440e+11 8.5797e+10 8.5797e+10 0.0000e+00 0.0000e+00 46.22295 6.98 0.02388 0.00000 0.00000 12.97498 54.17061 27.59552 0.00000 0.00000 0.00000 0.00000 0.00000 0.0330 1.487e+11 1.335e+11
9 20 1.9066e+11 254.41 31.84 146.158 16.327 26 24.51587 3.90273 36.29763 -13.51 11.77 6.99 2.172e+09 -9.244e+08 -3.794e+09 0.00594 16.32657 1.9066e+11 1.8113e+11 1.8113e+11 1.8113e+11 5.7198e+10 9.63610 1.44 0.00437 0.75701 0.43977 28.11754 11.30256 -3.78916 0.46472 0.28133 26.75228 3.44213 -6.17716 0.0122 2.075e+11 1.049e+11
10 19 2.0973e+11 254.25 28.97 150.876 19.791 24 25.19899 27.00022 32.78649 0.96 7.20 7.49 1.903e+09 1.778e+09 2.031e+09 0.00354 19.79133 2.0973e+11 2.0973e+11 2.0973e+11 1.7159e+11 0.0000e+00 14.34014 0.00 0.00276 0.80760 0.22865 40.20489 -0.30023 6.99662 0.87204 0.12445 31.85026 -15.30315 -13.17296 0.0092 1.979e+11 1.239e+11
11 41 7.6264e+10 168.77 23.27 107.690 21.955 22 23.09408 8.96885 37.85823 -10.38 -1.15 5.24 -3.631e+08 -1.876e+09 -1.782e+09 0.01210 21.95511 7.6264e+10 7.6264e+10 7.6264e+10 3.8132e+10 9.5330e+09 21.68618 0.00 0.01177 0.31466 0.05336 -20.42253 19.52620 20.12006 0.29225 0.00000 30.53739 -13.22309 -22.37275 0.0217 8.091e+10 6.673e+10
12 29 2.8599e+10 118.42 15.86 77.658 19.963 20 29.25054 22.93655 55.31660 -14.81 6.62 -0.96 -4.641e+08 7.290e+08 -1.285e+09 0.02010 19.96254 2.8599e+10 2.8599e+10 2.8599e+10 0.0000e+00 0.0000e+00 45.92416 15.86 0.03576 0.00000 0.00000 0.00000 0.00000 0.00000 0.00000 0.00000 0.00000 0.00000 0.00000 0.0631 6.782e+10 2.860e+10
13 27 8.5797e+10 171.66 18.45 112.002 27.428 20 9.36862 20.75362 35.26600 11.16 14.84 11.69 9.567e+08 3.452e+08 1.991e+09 0.00766 27.42764 8.5797e+10 8.5797e+10 8.5797e+10 9.5330e+09 0.0000e+00 39.69957 0.00 0.00827 0.49017 0.14012 43.14446 -5.72800 5.26118 0.00000 0.00000 0.00000 0.00000 0.00000 0.0191 7.652e+10 8.580e+10
14 85 2.7646e+11 254.91 35.07 165.429 38.601 58 1.15572 34.09982 15.82054 -0.32 5.22 -2.63 -2.770e+09 6.696e+09 -1.656e+10 0.01107 38.60088 2.7646e+11 2.7646e+11 2.7646e+11 1.1440e+11 0.0000e+00 43.52560 0.00 0.00951 0.61530 0.36593 34.65285 74.62086 12.68243 0.40466 0.24876 13.13934 48.74451 -6.86028 0.0205 2.388e+11 2.669e+11
15 86 1.5253e+11 203.45 22.59 135.681 42.554 36 7.02584 49.43136 14.83027 6.53 -11.83 7.53 3.579e+09 -1.682e+09 -4.899e+09 0.00977 42.55441 1.5253e+11 1.3346e+11 1.3346e+11 4.7665e+10 0.0000e+00 22.79761 1.68 0.00893 0.04207 0.00000 69.60078 23.62943 55.89624 0.74721 0.34042 25.98494 12.32758 28.70943 0.0147 1.645e+11 1.811e+11
16 88 9.5330e+10 178.16 24.42 116.005 27.881 34 11.60004 52.85083 16.08896 -18.82 -34.75 15.32 -1.130e+09 -2.237e+09 1.219e+09 0.00847 27.88073 9.5330e+10 9.5330e+10 9.5330e+10 2.8599e+10 0.0000e+00 34.71743 0.00 0.00865 0.47480 0.13403 30.80246 20.44135 8.91470 0.59930 0.16531 28.16396 21.09017 -5.63336 0.0290 1.666e+11 9.533e+10
17 89 2.2879e+11 230.54 26.93 155.316 59.351 33 1.01096 49.71210 23.00279 6.54 -14.75 4.68 2.052e+09 -6.784e+09 -5.215e+09 0.00688 59.35052 2.2879e+11 1.8113e+11 1.8113e+11 0.0000e+00 0.0000e+00 46.99430 3.38 0.00635 0.55933 0.31044 -32.66435 55.35670 -29.05017 0.00000 0.00000 0.00000 0.00000 0.00000 0.0175 1.855e+11 2.765e+11
18 90 2.4786e+11 247.44 29.37 159.515 35.203 32 4.90522 32.37197 10.06079 -15.78 -3.23 5.83 -5.502e+09 -1.522e+09 -2.235e+09 0.00471 35.20258 2.4786e+11 2.2879e+11 2.2879e+11 1.2393e+11 2.8599e+10 17.32515 0.00 0.00387 0.52288 0.27766 1.03386 18.51250 11.91625 0.44643 0.31173 -4.19877 12.82218 4.48239 0.0133 2.078e+11 2.193e+11
19 83 1.6206e+11 228.74 33.07 138.450 20.201 31 0.30641 39.65365 12.98678 2.39 0.84 4.34 -2.048e+09 1.202e+09 -3.791e+08 0.00359 20.20088 1.6206e+11 1.6206e+11 1.6206e+11 9.5330e+10 0.0000e+00 39.28639 0.00 0.00308 0.03181 0.00575 32.51468 -28.14671 23.59212 0.04685 0.00000 29.28074 -26.17557 21.50946 0.0230 1.628e+11 9.533e+10
20 84 2.3832e+11 271.24 32.22 157.443 18.482 27 0.35007 39.95881 13.34606 8.49 -17.83 -2.77 -7.060e+09 5.055e+09 6.681e+08 0.00772 18.48195 2.3832e+11 2.3832e+11 2.3832e+11 2.1926e+11 9.5330e+09 10.58905 0.00 0.00587 0.36082 0.24092 19.78530 3.37467 33.25971 0.19183 0.10882 14.61894 5.18874 34.44458 0.0115 2.518e+11 1.239e+11
21 103 3.8132e+10 271.98 21.76 85.473 1.218 23 8.90405 51.38102 17.47277 -2.96 -22.20 -3.14 -4.892e+06 -3.040e+08 2.073e+08 0.00663 1.21833 3.8132e+10 3.8132e+10 3.8132e+10 3.8132e+10 1.9066e+10 16.28070 0.00 0.00526 0.63937 0.27879 5.36448 6.92665 0.82468 0.27931 0.09769 21.06614 2.69483 35.08453 0.0170 1.128e+11 1.907e+10
22 97 6.6731e+10 168.93 26.04 103.002 15.663 20 1.17133 35.83639 16.48219 5.40 -9.97 -7.48 -2.264e+08 -6.210e+08 -2.437e+08 0.00397 15.66304 6.6731e+10 4.7665e+10 4.7665e+10 4.7665e+10 0.0000e+00 34.73396 7.78 0.00396 0.47494 0.06640 46.02239 -22.06643 -30.30726 0.84353 0.03743 -26.07078 14.92420 23.57372 0.0314 9.733e+10 4.766e+10
23 43 4.3852e+11 364.04 47.46 192.929 15.148 100 3.21396 44.96872 47.56118 5.00 -18.66 -1.49 -1.822e+10 4.183e+09 6.604e+09 0.00713 15.14824 4.3852e+11 4.3852e+11 4.3852e+11 3.9085e+11 1.4299e+11 32.40887 0.00 0.00484 0.90437 0.51075 13.78027 32.29564 11.86110 0.91621 0.42266 -2.95277 27.32381 24.30725 0.0124 5.225e+11 1.621e+11
24 44 4.0039e+11 288.42 36.93 187.166 43.654 60 1.97580 57.62512 57.16571 -3.13 1.39 -27.43 -5.198e+09 -4.637e+09 -3.133e+09 0.00254 43.65361 4.0039e+11 3.9085e+11 3.9085e+11 7.6264e+10 9.5330e+09 52.20669 0.00 0.00217 0.34079 0.08174 41.67843 -38.37179 5.04791 0.27739 0.00000 -15.01365 21.47413 -3.71626 0.0179 3.579e+11 3.718e+11
25 46 1.4299e+11 211.58 25.32 132.793 24.120 36 17.30329 52.74296 48.87228 -15.56 -11.89 -19.21 -1.093e+09 9.813e+08 -2.501e+09 0.00536 24.11957 1.4299e+11 1.4299e+11 1.4299e+11 8.5797e+10 9.5330e+09 17.04459 0.00 0.00458 0.50490 0.15828 -0.32106 34.11330 1.93034 0.30039 0.05179 -1.44145 24.98043 3.41238 0.0153 1.459e+11 1.049e+11
26 49 1.2393e+11 199.83 25.39 126.607 24.526 32 3.07237 51.43860 50.21980 12.14 -5.94 0.72 3.442e+09 -6.781e+08 1.241e+09 0.00858 24.52612 1.2393e+11 1.2393e+11 1.2393e+11 6.6731e+10 9.5330e+09 33.62590 0.00 0.00746 0.51701 0.00535 2.54333 -14.63477 15.69052 0.33835 0.00306 -2.47053 16.54930 -15.02514 0.0167 1.060e+11 9.533e+10
27 45 2.2879e+11 266.55 31.70 155.316 18.577 31 9.73351 35.10691 36.85032 3.58 0.97 13.21 2.391e+08 2.537e+09 -6.870e+08 0.00257 18.57719 2.2879e+11 2.2879e+11 2.2879e+11 2.0019e+11 6.6731e+10 8.34104 0.00 0.00190 0.81717 0.77637 14.97602 -12.82673 23.41888 0.80754 0.51168 -5.22311 24.96362 -7.94330 0.0110 2.372e+11 1.239e+11
28 47 1.9066e+11 218.41 23.64 146.158 48.374 30 20.00968 56.05109 38.37956 -6.41 -17.51 0.30 4.042e+09 1.986e+09 3.059e+09 0.00591 48.37362 1.9066e+11 1.8113e+11 1.8113e+11 6.6731e+10 1.9066e+10 5.70709 0.00 0.00532 0.65615 0.15701 32.10893 -8.29794 -22.87214 0.83065 0.13444 22.37991 -10.69720 -12.47470 0.0141 1.567e+11 2.097e+11
29 51 2.0019e+11 259.25 31.18 148.554 16.394 27 4.84519 44.03578 49.10532 -5.70 9.12 -12.48 6.181e+09 2.153e+09 1.376e+09 0.00774 16.39422 2.0019e+11 2.0019e+11 2.0019e+11 1.8113e+11 0.0000e+00 11.23296 0.00 0.00603 0.51462 0.23354 42.64519 -25.12063 23.06380 0.60418 0.34943 35.61525 -20.20016 22.36930 0.0155 2.152e+11 8.580e+10
30 52 1.1440e+11 182.97 22.68 123.274 47.169 27 11.22219 34.57119 52.49085 -14.07 -5.81 -12.13 -1.258e+09 2.252e+09 5.592e+09 0.01370 47.16901 1.1440e+11 6.6731e+10 6.6731e+10 2.8599e+10 0.0000e+00 24.76295 4.03 0.01411 0.80632 0.24643 36.99001 2.78024 5.26337 0.52780 0.13642 17.73120 -12.49570 25.43317 0.0215 1.413e+11 2.002e+11
31 48 1.6206e+11 209.09 30.81 138.450 39.548 26 4.46073 44.46713 48.96211 4.91 -18.15 -12.12 -2.981e+09 -6.878e+09 8.612e+09 0.01514 39.54768 1.6206e+11 1.6206e+11 1.6206e+11 0.0000e+00 0.0000e+00 46.63481 0.00 0.01464 0.12838 0.07833 -8.64808 74.21462 -33.28312 0.00000 0.00000 0.00000 0.00000 0.00000 0.0292 1.444e+11 1.811e+11
32 55 9.5330e+10 175.67 21.65 116.005 32.095 20 1.66938 57.33812 52.53254 -2.09 -2.05 -0.06 -1.661e+09 6.844e+08 1.773e+09 0.00733 32.09456 9.5330e+10 9.5330e+10 9.5330e+10 1.9066e+10 0.0000e+00 34.58124 0.00 0.00784 0.76293 0.46508 -33.27009 56.36758 -6.67232 0.00000 0.00000 0.00000 0.00000 0.00000 0.0323 1.113e+11 1.049e+11
33 43 5.7198e+10 150.67 23.57 97.843 22.965 20 2.55924 44.97409 47.44502 30.07 -25.87 -6.55 1.275e+09 -8.577e+07 -1.636e+08 0.00785 22.96461 5.7198e+10 5.7198e+10 5.7198e+10 0.0000e+00 0.0000e+00 62.97704 0.00 0.00937 0.00000 0.00000 43.83969 2.75421 2.59018 0.00000 0.00000 0.00000 0.00000 0.00000 0.0341 9.038e+10 5.720e+10
34 66 8.5797e+10 174.43 21.82 112.002 23.951 29 53.28092 28.82633 4.54006 2.17 9.93 -9.21 2.264e+08 -1.538e+09 -1.719e+09 0.00817 23.95101 8.5797e+10 8.5797e+10 8.5797e+10 1.9066e+10 9.5330e+09 18.12160 0.00 0.00858 0.21527 0.08299 34.59779 4.40669 -0.50888 0.00000 0.00000 0.00000 0.00000 0.00000 0.0282 1.347e+11 6.673e+10
35 68 4.7665e+10 145.46 14.69 92.073 17.714 27 56.23570 32.11325 27.26062 -13.93 0.95 20.52 2.775e+09 -1.294e+08 -1.865e+07 0.02068 17.71385 4.7665e+10 4.7665e+10 4.7665e+10 0.0000e+00 0.0000e+00 12.49408 0.00 0.02738 0.86821 0.00000 30.64611 -9.24536 47.29409 0.00000 0.00000 0.00000 0.00000 0.00000 0.0321 1.179e+11 1.907e+10
36 81 9.5330e+10 179.62 19.28 116.005 25.979 23 34.88255 27.26859 26.34396 -0.82 22.09 2.97 -2.576e+09 -1.557e+09 -3.227e+09 0.01484 25.97895 9.5330e+10 8.5797e+10 8.5797e+10 5.7198e+10 0.0000e+00 21.42461 0.66 0.01370 0.73397 0.27998 32.01383 16.71161 -8.76291 0.55971 0.00000 32.77209 11.34842 -18.91325 0.0100 1.231e+11 8.580e+10
37 70 1.8113e+11 243.43 32.20 143.680 18.332 20 36.33648 29.52600 16.75417 0.31 10.07 17.48 2.454e+09 3.943e+09 -3.103e+08 0.00621 18.33172 1.8113e+11 1.7159e+11 1.7159e+11 1.1440e+11 0.0000e+00 5.10396 1.82 0.00496 0.17834 0.08034 24.31999 -17.08726 30.18896 0.17503 0.06599 23.65232 -18.38515 30.13574 0.0193 1.595e+11 1.049e+11
38 67 1.3346e+11 217.57 22.52 129.774 17.489 20 44.96639 22.68520 18.12847 -3.11 25.43 1.16 -3.772e+08 -2.294e+09 -8.923e+08 0.00522 17.48919 1.3346e+11 1.3346e+11 1.3346e+11 9.5330e+10 0.0000e+00 5.02627 0.00 0.00441 0.55799 0.33040 39.27054 28.74626 -2.11594 0.00000 0.00000 28.21732 49.21913 -23.78654 0.0111 1.347e+11 7.626e+10
39 107 5.0525e+11 331.17 41.30 202.257 31.047 75 57.75873 30.51175 50.67266 8.01 2.54 9.09 4.158e+10 5.514e+09 1.047e+10 0.01063 31.04741 5.0525e+11 4.9572e+11 4.9572e+11 3.9085e+11 0.0000e+00 25.49537 0.00 0.00833 0.83167 0.62267 -24.22216 51.33530 6.18196 0.84981 0.44364 39.31989 -32.54267 6.15507 0.0174 4.577e+11 3.718e+11
40 109 1.9066e+11 241.40 27.36 146.158 21.359 71 57.30364 29.52409 49.47896 4.42 27.89 26.19 6.350e+09 5.424e+09 -1.009e+09 0.00994 21.35945 1.9066e+11 1.9066e+11 1.9066e+11 1.1440e+11 3.8132e+10 10.33103 0.00 0.00823 0.17420 0.03284 10.53637 24.22698 35.33036 0.26672 0.05934 0.25289 14.06901 21.59786 0.0132 2.208e+11 1.049e+11
41 106 1.7159e+11 232.00 30.53 141.114 21.165 57 57.25700 30.41262 51.50593 8.55 16.26 -1.41 -1.046e+10 -5.905e+08 -1.355e+09 0.01469 21.16509 1.7159e+11 1.7159e+11 1.7159e+11 8.5797e+10 0.0000e+00 10.43235 0.00 0.01231 0.69239 0.16565 36.50742 -27.91805 6.88232 0.00000 0.00000 0.17166 38.58376 2.66266 0.0185 1.707e+11 8.580e+10
42 111 8.5797e+10 168.97 22.24 112.002 32.382 33 60.25734 22.05027 43.42545 4.04 14.65 16.91 1.936e+09 -3.120e+09 -2.572e+09 0.01596 32.38186 8.5797e+10 8.5797e+10 7.6264e+10 2.8599e+10 0.0000e+00 17.02641 2.77 0.01659 0.11307 0.00000 43.52935 41.74415 17.01442 0.68902 0.32447 38.03429 -3.97290 4.91595 0.0300 1.642e+11 1.049e+11
43 113 2.0019e+11 228.38 29.88 148.554 35.382 30 57.24861 29.09745 49.09712 14.62 34.54 15.09 -4.495e+08 4.676e+09 1.476e+09 0.00523 35.38173 2.0019e+11 2.0019e+11 2.0019e+11 1.0486e+11 3.8132e+10 17.98461 0.00 0.00444 0.32304 0.01859 16.45026 26.79734 16.09088 0.37223 0.00244 16.90940 20.81816 11.48371 0.0196 1.715e+11 2.002e+11
44 -1 1.1440e+11 190.15 20.67 123.274 28.505 27 58.20670 30.04002 50.36980 -13.11 14.48 21.45 1.149e+09 8.759e+08 2.016e+09 0.00637 28.50478 1.1440e+11 1.1440e+11 1.1440e+11 5.7198e+10 0.0000e+00 9.29443 0.00 0.00568 0.38724 0.05117 24.32036 20.71693 3.78748 0.32577 0.00000 26.33133 4.34577 -8.79259 0.0137 9.697e+10 1.049e+11
45 114 1.9066e+10 127.41 0.00 67.840 5.430 25 44.95819 3.61748 45.49903 -23.47 -4.31 12.80 0.000e+00 0.000e+00 0.000e+00 0.00000 5.43035 1.9066e+10 1.9066e+10 1.9066e+10 1.9066e+10 0.0000e+00 28.42227 0.00 0.00000 0.00000 0.00000 0.00000 0.00000 0.00000 0.00000 0.00000 0.00000 0.00000 0.00000 0.0000 1.340e+11 0.000e+00
46 -1 1.4299e+11 203.06 28.20 132.793 33.228 24 30.94900 7.21548 39.61326 -17.71 -4.12 5.12 -4.449e+09 -2.005e+09 -3.609e+08 0.00879 33.22771 1.4299e+11 1.3346e+11 1.3346e+11 7.6264e+10 1.9066e+10 32.48199 0.00 0.00773 0.52979 0.43130 1.70987 14.64747 29.75055 0.44507 0.07683 -9.41506 9.25205 20.35847 0.0223 1.203e+11 1.430e+11
47 -1 7.6264e+10 163.22 20.68 107.690 29.504 23 30.89879 6.86876 39.36317 -11.79 -3.49 14.83 -3.810e+09 4.409e+06 -6.751e+09 0.03041 29.50414 7.6264e+10 7.6264e+10 7.6264e+10 0.0000e+00 0.0000e+00 28.69896 0.00 0.03491 0.54670 0.22083 60.18542 -27.25256 -23.41187 0.00000 0.00000 0.00000 0.00000 0.00000 0.0275 1.308e+11 7.626e+10
48 116 1.0486e+11 192.88 24.04 119.750 20.286 21 55.61510 32.19392 59.99105 -8.14 11.41 -7.63 8.620e+08 8.111e+08 2.111e+09 0.00683 20.28621 1.0486e+11 1.0486e+11 1.0486e+11 2.8599e+10 0.0000e+00 36.15595 0.00 0.00641 0.42625 0.00692 39.49432 -10.89390 -3.84657 0.79517 0.05393 -11.61504 26.17578 12.37352 0.0208 9.700e+10 7.626e+10
49 119 1.2584e+12 458.64 59.33 274.159 47.284 144 40.77898 43.22037 23.67031 12.20 2.75 17.28 1.373e+10 7.602e+10 -6.767e+09 0.00455 37.37197 1.2584e+12 1.2298e+12 1.2298e+12 9.8190e+11 2.7646e+11 33.95932 6.03 0.00327 0.47423 0.40489 46.34451 -25.68246 -14.57956 0.38948 0.30172 40.57861 -21.45508 -11.87163 0.0133 1.147e+12 1.039e+12
50 120 2.5739e+11 288.94 34.83 161.535 15.920 38 39.58268 43.89976 24.72711 15.08 -6.77 -2.04 -5.200e+09 2.378e+09 8.632e+09 0.00831 15.91981 2.5739e+11 2.4786e+11 2.4786e+11 1.6206e+11 1.1440e+11 8.74521 0.00 0.00614 0.60890 0.24475 0.35416 17.64345 24.80466 0.71622 0.17910 11.58053 9.17773 21.58731 0.0138 2.382e+11 1.335e+11
51 122 1.1440e+11 200.37 22.97 123.274 19.755 37 56.19569 42.25916 17.97025 0.39 -1.30 9.72 -2.246e+09 -2.850e+09 1.752e+09 0.01011 19.75462 1.1440e+11 1.1440e+11 1.1440e+11 8.5797e+10 0.0000e+00 37.37199 0.00 0.00923 0.58959 0.12579 23.68544 25.59027 32.45477 0.58263 0.14289 25.16520 18.98670 33.22523 0.0138 1.449e+11 8.580e+10
52 121 1.4299e+11 196.57 26.52 132.793 56.735 36 52.49529 59.02258 23.03228 5.07 -21.41 -13.73 4.744e+09 -9.150e+08 2.792e+08 0.00754 56.73491 1.4299e+11 1.2393e+11 1.2393e+11 0.0000e+00 0.0000e+00 62.16282 2.06 0.00764 0.25453 0.01214 -18.43826 19.77797 53.37484 0.00000 0.00000 0.00000 0.00000 0.00000 0.0261 1.623e+11 2.669e+11
53 123 2.8599e+10 117.74 2.08 77.658 21.206 35 40.20118 43.72479 24.56501 0.72 -5.32 -12.18 -9.423e+08 2.268e+08 2.281e+08 0.01140 21.20575 2.8599e+10 2.8599e+10 2.8599e+10 0.0000e+00 0.0000e+00 39.36683 15.67 0.02299 0.00000 0.00000 0.00000 0.00000 0.00000 0.00000 0.00000 0.00000 0.00000 0.00000 0.0411 1.531e+11 2.860e+10
54 126 1.4299e+11 227.95 25.32 132.793 15.866 21 39.89500 36.39646 6.93139 10.69 -6.29 -7.08 8.826e+08 5.368e+09 -2.294e+08 0.00968 15.86567 1.4299e+11 1.4299e+11 1.4299e+11 2.8599e+10 0.0000e+00 18.65977 0.00 0.00860 0.75227 0.25327 36.84660 -27.46277 -16.81195 0.73947 0.10178 26.27616 -17.74860 -0.55235 0.0167 1.551e+11 2.860e+10
55 136 1.9066e+10 102.30 0.00 67.840 19.726 20 37.90406 49.79951 29.94180 5.22 -8.38 -14.90 1.207e+08 3.435e+08 -6.365e+08 0.00346 19.72636 1.9066e+10 0.0000e+00 0.0000e+00 0.0000e+00 0.0000e+00 56.44750 11.37 0.03329 0.00000 0.00000 0.00000 0.00000 0.00000 0.00000 0.00000 0.00000 0.00000 0.00000 0.0000 6.894e+10 1.907e+10
56 131 1.2393e+11 214.77 25.74 126.607 16.051 20 38.22792 50.19649 26.23378 8.14 -11.20 -12.40 -5.247e+08 3.251e+09 1.495e+09 0.00890 16.05133 1.2393e+11 1.2393e+11 1.2393e+11 9.5330e+10 1.9066e+10 16.79070 0.00 0.00725 0.43484 0.35531 29.81215 -1.12264 -10.58007 0.29003 0.06193 -25.19991 25.99422 3.14241 0.0164 1.156e+11 6.673e+10
57 -1 5.7198e+10 169.83 19.03 97.843 11.078 20 37.21096 50.09456 23.82287 23.49 -12.00 3.41 -1.447e+09 -9.094e+08 -5.590e+07 0.01207 11.07771 5.7198e+10 5.7198e+10 5.7198e+10 4.7665e+10 0.0000e+00 25.35639 0.00 0.01244 0.83602 0.16169 23.62760 31.97130 -10.83528 0.00000 0.00000 30.54810 -6.84738 -9.31358 0.0209 9.713e+10 1.907e+10
58 148 2.6692e+11 244.38 28.90 163.505 53.940 68 49.23539 36.93993 59.97762 8.27 -17.86 7.48 -1.413e+10 8.823e+09 6.551e+09 0.01146 53.93995 2.6692e+11 2.4786e+11 2.4786e+11 1.0486e+11 9.5330e+09 9.76096 0.00 0.00999 0.13951 0.02636 -16.32188 18.13243 -13.34185 0.18563 0.00000 -10.11828 10.45976 -4.41666 0.0166 2.456e+11 3.432e+11
59 146 3.3365e+11 262.73 32.61 176.130 60.188 58 61.87153 58.51751 53.41501 31.53 -6.26 -7.47 -6.997e+09 -1.406e+10 -1.202e+10 0.00883 60.18836 3.3365e+11 2.9552e+11 2.9552e+11 1.2393e+11 0.0000e+00 16.93397 0.00 0.00761 0.72873 0.34830 48.09946 -25.73205 -6.53578 0.49656 0.03480 0.27800 -21.24200 25.09429 0.0189 3.303e+11 4.766e+11
60 147 1.8113e+11 219.29 30.36 143.680 36.623 47 41.96173 41.71527 57.36017 9.35 -17.90 -2.42 1.130e+10 -7.574e+09 -4.946e+09 0.01670 36.62331 1.8113e+11 1.8113e+11 1.8113e+11 3.8132e+10 0.0000e+00 18.86312 2.77 0.01542 0.09556 0.00000 62.93486 45.81508 -2.27678 0.73879 0.31642 23.49194 36.17413 -7.45339 0.0244 2.291e+11 1.811e+11
61 149 1.0486e+11 180.70 25.79 119.750 34.530 43 49.28584 40.51445 36.07159 -9.52 -18.75 2.06 2.506e+09 5.579e+09 3.759e+08 0.01493 34.52991 1.0486e+11 1.0486e+11 8.5797e+10 0.0000e+00 0.0000e+00 69.01516 0.00 0.01623 0.20702 0.00000 36.39264 58.69323 49.68178 0.00000 0.00000 0.00000 0.00000 0.00000 0.0318 1.291e+11 1.335e+11
62 154 2.8599e+10 118.01 12.21 77.658 20.682 32 55.87943 38.41836 52.09264 8.14 -15.58 -12.74 6.132e+08 1.004e+09 -3.307e+08 0.01458 20.68190 2.8599e+10 2.8599e+10 2.8599e+10 0.0000e+00 0.0000e+00 18.17677 14.07 0.02822 0.00000 0.00000 0.00000 0.00000 0.00000 0.00000 0.00000 0.00000 0.00000 0.00000 0.0607 9.996e+10 2.860e+10
63 153 4.7665e+10 147.84 11.37 92.073 15.905 24 59.47709 44.81641 35.33255 10.89 -11.47 20.25 1.457e+08 2.780e+06 -7.061e+08 0.00549 15.90543 4.7665e+10 4.7665e+10 4.7665e+10 0.0000e+00 0.0000e+00 25.19142 0.00 0.00711 0.47844 0.04433 49.82109 17.29556 -40.88300 0.00000 0.00000 0.00000 0.00000 0.00000 0.0261 9.333e+10 1.907e+10
64 157 1.0486e+11 187.61 22.27 119.750 24.465 24 34.40343 35.56860 34.04531 13.73 18.74 7.24 3.798e+08 -5.466e+08 -1.887e+09 0.00556 24.46531 1.0486e+11 1.0486e+11 1.0486e+11 1.9066e+10 0.0000e+00 37.17421 0.00 0.00530 0.74841 0.57818 32.77489 21.39957 22.91942 0.00000 0.00000 0.00000 0.00000 0.00000 0.0211 1.185e+11 7.626e+10
65 159 6.6731e+10 165.92 21.05 103.002 17.437 23 30.88624 33.53927 47.51680 -21.35 8.52 3.76 3.609e+08 3.244e+08 3.362e+08 0.00325 17.43668 6.6731e+10 6.6731e+10 6.6731e+10 4.7665e+10 0.0000e+00 29.28073 0.00 0.00332 0.40934 0.03679 -18.49537 36.63317 11.50337 0.48312 0.00000 -7.58433 31.18552 14.96385 0.0256 1.004e+11 4.766e+10
66 167 1.4299e+11 218.44 24.48 132.793 19.851 23 58.07748 39.78165 34.32142 1.73 9.41 -18.92 1.757e+09 -5.199e+09 1.185e+09 0.01049 19.85116 1.4299e+11 1.4299e+11 1.4299e+11 1.1440e+11 9.5330e+09 9.50846 0.00 0.00887 0.36597 0.16444 12.44667 4.39758 30.53713 0.32366 0.03626 -1.99578 -1.58861 30.77311 0.0129 1.358e+11 9.533e+10
67 163 1.0486e+11 179.48 20.38 119.750 37.825 23 36.94777 36.92003 32.65026 7.77 -0.26 2.06 8.817e+08 -3.330e+09 2.185e+09 0.01082 37.82508 1.0486e+11 8.5797e+10 8.5797e+10 0.0000e+00 0.0000e+00 40.53644 3.87 0.01080 0.27980 0.12754 37.68502 36.36716 -32.53660 0.00000 0.00000 0.00000 0.00000 0.00000 0.0164 1.051e+11 1.430e+11
68 171 4.7665e+10 138.01 14.95 92.073 29.031 22 61.79890 57.72455 53.42991 32.67 8.51 -11.96 2.754e+09 3.651e+08 3.414e+07 0.01954 29.03089 4.7665e+10 9.5330e+09 9.5330e+09 0.0000e+00 0.0000e+00 21.19971 8.15 0.02739 0.18838 0.00000 -36.54921 51.41348 13.69674 0.00000 0.00000 0.00000 0.00000 0.00000 0.0570 9.113e+10 4.766e+10
69 154 1.9066e+10 120.82 0.00 67.840 6.818 22 55.49987 38.37008 51.36203 14.65 -21.44 -4.95 0.000e+00 0.000e+00 0.000e+00 0.00000 6.81787 1.9066e+10 1.9066e+10 1.9066e+10 1.9066e+10 0.0000e+00 34.42179 0.00 0.00000 0.00000 0.00000 0.00000 0.00000 0.00000 0.00000 0.00000 0.00000 0.00000 0.00000 0.0000 7.871e+10 0.000e+00
70 161 1.9066e+11 240.48 28.71 146.158 21.826 22 34.93209 55.60021 42.03743 2.53 -3.60 -12.31 5.590e+08 -1.766e+09 -1.535e+09 0.00296 21.82556 1.9066e+11 1.9066e+11 1.9066e+11 1.5253e+11 1.9066e+10 3.85146 0.00 0.00235 0.58442 0.27817 10.73406 34.18042 -13.02459 0.30514 0.21027 16.93126 26.77803 -16.58237 0.0139 1.800e+11 1.335e+11
71 162 1.6206e+11 229.55 27.25 138.450 19.809 21 48.06607 35.67781 60.64830 20.64 0.39 -1.67 -2.281e+08 2.168e+09 -2.520e+07 0.00353 19.80878 1.6206e+11 1.6206e+11 1.6206e+11 1.1440e+11 3.8132e+10 18.17033 0.00 0.00279 0.26102 0.23574 9.93410 29.77269 -6.15662 0.14721 0.00000 7.52536 24.01189 -3.60192 0.0123 1.604e+11 1.049e+11
72 170 6.6731e+10 163.09 23.62 103.002 19.515 21 49.04149 33.09061 34.91265 0.93 22.34 -4.28 -1.142e+09 2.790e+08 -1.634e+09 0.01048 19.51469 6.6731e+10 6.6731e+10 6.6731e+10 0.0000e+00 0.0000e+00 30.48170 0.00 0.01132 0.82309 0.65501 10.27875 38.79972 -20.09354 0.00000 0.00000 0.00000 0.00000 0.00000 0.0397 8.300e+10 4.766e+10
73 -1 1.1440e+11 189.57 24.42 123.274 29.283 20 35.44872 37.24422 33.99477 4.62 -5.07 1.53 7.429e+08 -7.369e+08 2.618e+09 0.00660 29.28267 1.1440e+11 1.0486e+11 1.0486e+11 1.9066e+10 0.0000e+00 56.16579 3.11 0.00646 0.54055 0.15593 -37.44910 36.41794 -19.12019 0.00000 0.00000 0.00000 0.00000 0.00000 0.0244 9.672e+10 1.049e+11
